48
56
57
58
40
41
61
60
42
43
0
49
32
36
44
45
16
17
20
21
37
38
22
23
1
2
54
164
4
5
6
7
204
228
205
200
50
51
206
207
160
161
52
53
162
201
163
3
212
213
214
215
196
202
203
197
217
218
208
39
209
216
210
211
9
222
232
233
165
223
166
167
55
8
12
13
10
11
14
15
28
29
24
25
30
18
26
19
252
27
253
31
255
254
221
220
229
224
234
231
248
230
199
198
225
240
241
226
227
235
243
242
236
238
239
237
244
245
246
247
251
250
249
219
192
193
194
195
152
153
128
154
129
130
151
92
148
149
158
150
144
145
146
157
140
136
155
141
137
138
139
147
132
133
134
135
142
143
173
131
184
185
186
187
188
189
190
191
180
181
182
183
176
177
178
179
102
100
168
101
108
109
96
103
169
170
172
171
159
156
174
175
97
98
104
105
110
116
106
111
124
46
125
59
62
63
126
127
33
34
120
121
117
47
35
119
112
113
114
115
118
99
122
123
93
94
95
107
88
89
90
91
84
85
86
87
80
81
82
83
72
73
76
77
74
68
69
70
78
79
75
71
64
65
66
67
